structure(list(model = structure(c(1L, 2L, 3L, 4L, 1L, 2L, 3L, 
4L, 1L, 2L, 3L, 4L, 1L, 2L, 3L, 4L, 1L, 2L, 3L, 4L, 1L, 2L, 3L, 
4L, 1L, 2L, 3L, 4L, 1L, 2L, 3L, 4L, 1L, 2L, 3L, 4L, 1L, 2L, 3L, 
4L, 1L, 2L, 3L, 4L, 1L, 2L, 3L, 4L, 1L, 2L, 3L, 4L, 1L, 2L, 3L, 
4L, 1L, 2L, 3L, 4L, 1L, 2L, 3L, 4L, 1L, 2L, 3L, 4L, 1L, 2L, 3L, 
4L, 1L, 2L, 3L, 4L, 1L, 2L, 3L, 4L, 1L, 2L, 3L, 4L, 1L, 2L, 3L, 
4L, 1L, 2L, 3L, 4L, 1L, 2L, 3L, 4L, 1L, 2L, 3L, 4L, 1L, 2L, 3L, 
4L, 1L, 2L, 3L, 4L, 1L, 2L, 3L, 4L, 1L, 2L, 3L, 4L, 1L, 2L, 3L, 
4L, 1L, 2L, 3L, 4L, 1L, 2L, 3L, 4L, 1L, 2L, 3L, 4L, 1L, 2L, 3L, 
4L, 1L, 2L, 3L, 4L, 1L, 2L, 3L, 4L, 1L, 2L, 3L, 4L, 1L, 2L, 3L, 
4L, 1L, 2L, 3L, 4L, 1L, 2L, 3L, 4L, 1L, 2L, 3L, 4L, 1L, 2L, 3L, 
4L, 1L, 2L, 3L, 4L, 1L, 2L, 3L, 4L, 1L, 2L, 3L, 4L, 1L, 2L, 3L, 
4L, 1L, 2L, 3L, 4L, 1L, 2L, 3L, 4L, 1L, 2L, 3L, 4L, 1L, 2L, 3L, 
4L, 1L, 2L, 3L, 4L, 1L, 2L, 3L, 4L, 1L, 2L, 3L, 4L, 1L, 2L, 3L, 
4L, 1L, 2L, 3L, 4L, 1L, 2L, 3L, 4L, 1L, 2L, 3L, 4L, 1L, 2L, 3L, 
4L, 1L, 2L, 3L, 4L, 1L, 2L, 3L, 4L, 1L, 2L, 3L, 4L, 1L, 2L, 3L, 
4L, 1L, 2L, 3L, 4L, 1L, 2L, 3L, 4L, 1L, 2L, 3L, 4L, 1L, 2L, 3L, 
4L, 1L, 2L, 3L, 4L, 1L, 2L, 3L, 4L, 1L, 2L, 3L, 4L, 1L, 2L, 3L, 
4L, 1L, 2L, 3L, 4L, 1L, 2L, 3L, 4L, 1L, 2L, 3L, 4L, 1L, 2L, 3L, 
4L, 1L, 2L, 3L, 4L, 1L, 2L, 3L, 4L, 1L, 2L, 3L, 4L, 1L, 2L, 3L, 
4L, 1L, 2L, 3L, 4L, 1L, 2L, 3L, 4L, 1L, 2L, 3L, 4L, 1L, 2L, 3L, 
4L, 1L, 2L, 3L, 4L, 1L, 2L, 3L, 4L, 1L, 2L, 3L, 4L, 1L, 2L, 3L, 
4L, 1L, 2L, 3L, 4L, 1L, 2L, 3L, 4L, 1L, 2L, 3L, 4L, 1L, 2L, 3L, 
4L, 1L, 2L, 3L, 4L, 1L, 2L, 3L, 4L, 1L, 2L, 3L, 4L, 1L, 2L, 3L, 
4L, 1L, 2L, 3L, 4L, 1L, 2L, 3L, 4L, 1L, 2L, 3L, 4L, 1L, 2L, 3L, 
4L, 1L, 2L, 3L, 4L, 1L, 2L, 3L, 4L), .Label = c("anova", "t", 
"glmm", "stan"), class = "factor"), genotype2 = c(0.0327122963018413, 
0.0117433735840727, 0.00379958487376557, 1, 0.431955352421805, 
0.485581182275199, 0.582373353560024, 1, 0.706051512844296, 0.748319302863331, 
0.741035542262622, 1, 0.410481301988056, 0.387609117071817, 0.355889720448829, 
1, 0.30685885390916, 0.354941035054867, 0.126961317862792, 1, 
0.297665779526824, 0.402398727181928, 0.3153027032622, 1, 0.00513926265035551, 
0.0148473712626688, 0.00421708046620889, 1, 0.258087446547545, 
0.289417993613246, 0.260813660766163, 1, 0.604558142195345, 0.454254472754458, 
0.538564615214824, 1, 0.750100863795633, 0.749550212594612, 0.658287106948315, 
1, 0.216137166722685, 0.277277275714365, 0.00313320075875263, 
1, 0.404944518993648, 0.338319436887598, 0.461870997748872, 1, 
0.314926197101148, 0.397615310210869, 0.418985393030146, 1, 0.092531074216574, 
0.0758369239491814, 0.0000873546793573995, 0, 0.0720148411131786, 
0.0957334591143213, 0.0184941137648218, 1, 0.204226805371461, 
0.173287345360441, 0.00835366227911713, 1, 0.865275052559212, 
0.86945666001954, 0.73647903493694, 1, 0.00102958691666267, 0.00197343026911749, 
0.0000336038825354493, 0, 0.403470722481015, 0.46892784998971, 
0.526468625584765, 1, 0.758545000042135, 0.762713588453141, 0.821361034582013, 
1, 0.987920806646089, 0.987223359193736, 0.889991724903775, 1, 
0.720475967673923, 0.704145949189227, 0.739017022411287, 1, 0.123731558623932, 
0.109725933551404, 0.00303517986972628, 1, 0.0882358006324407, 
0.089238650614694, 0.0768882816532418, 1, 0.323205870829746, 
0.252934425507417, 0.0784332063982914, 1, 0.207089203683625, 
0.266408827031362, 0.228642410578897, 1, 0.525221484445727, 0.340870706540984, 
0.591913730300377, 1, 0.0670054697002138, 0.11310923103788, 0.0744911870908036, 
1, 0.889131018619884, 0.862581854533233, 0.932059127425413, 1, 
0.157964806517423, 0.15555163558645, 0.241228005227766, 1, 0.371566224053617, 
0.383191993916871, 0.154656960842353, 1, 0.496649105151763, 0.46194607257788, 
0.542872460823706, 1, 0.980743557784514, 0.984130698055588, 0.878287417827343, 
1, 0.0816397529840052, 0.062953038041788, 0.0507191664371895, 
1, 0.4452327813197, 0.533169296195229, 0.655293854549471, 1, 
0.476393891575515, 0.536932036195036, 0.544856616684209, 1, 0.259520638288342, 
0.32069042142252, 0.0840643645983699, 1, 0.182349098319526, 0.220449659821593, 
0.0558121495257874, 1, 0.921800569004815, 0.925840642878696, 
0.975495756235214, 1, 0.54916707390855, 0.552777675031417, 0.635325515177734, 
1, 0.100452896730833, 0.034874529390072, 0.11108468553656, 1, 
0.780863583841151, 0.788577503270782, 0.826495495793349, 1, 0.924739750747094, 
0.917577940794317, 0.926086942335639, 1, 0.520105110952685, 0.483367186180902, 
0.254080384000333, 1, 0.257488092419616, 0.302430285638732, 0.212192080280473, 
1, 0.915428925053116, 0.919337764395992, 0.69374713162318, 1, 
0.423648403411541, 0.489258011029637, 0.237004129654245, 1, 0.0681786299137957, 
0.123256281577728, 0.065912837630211, 1, 0.588043581706498, 0.602145511430047, 
0.636549612490453, 1, 0.313005258720436, 0.406071089450069, 0.342072625420046, 
1, 0.652257694619192, 0.458351842645024, 0.566843254885321, 1, 
0.16732234744819, 0.170940705002635, 0.03530593918783, 1, 0.489160656195797, 
0.51932049345265, 0.111133505263386, 1, 0.192848689809198, 0.222981819411328, 
0.214512765052722, 1, 0.51258542865884, 0.523173973556798, 0.403636382730985, 
1, 0.0105973045754406, 0.000761224775056877, 0.00930206809352472, 
1, 0.176336927569535, 0.222350247601966, 0.163339709143481, 1, 
0.0260320287486498, 0.00679282882556112, 0.0137511749913475, 
1, 0.192793993410211, 0.153295825495049, 0.195230394190485, 1, 
0.773119881555683, 0.81329899187463, 0.822197878583351, 1, 0.875574003530164, 
0.780407359084967, 0.880247481965875, 1, 0.0814869243664879, 
0.14032085635875, 0.0913841463057989, 1, 0.125795010827706, 0.171385721352912, 
0.226831617055045, 1, 0.1616496004118, 0.194579070912268, 0.240390763049153, 
1, 0.256831629962848, 0.110880394875575, 0.346664990663201, 1, 
0.255452553965763, 0.311679990235396, 0.272157907420764, 1, 0.640891823030252, 
0.644412222033965, 0.542527932257523, 1, 0.731036518469507, 0.632489687061634, 
0.638763009460863, 1, 0.311921810436069, 0.388432003241026, 0.423281494593258, 
1, 0.241378146261344, 0.212291362496467, 0.0966814990475922, 
1, 0.8875706486768, 0.879738690481815, 0.877440856883539, 1, 
0.210793694735788, 0.226390446925757, 0.0815832525833406, 1, 
0.608474612867495, 0.497452493436831, 0.695191524110546, 1, 0.195579159540395, 
0.176178639943649, 0.211909639769532, 1, 0.813691876034335, 0.825931293319613, 
0.86927247871254, 1, 0.0567802552355041, 0.0653684228777302, 
0.0231034593864, 1, 0.188135139955998, 0.124587124475959, 0.225603154911342, 
1, 0.72097299748768, 0.56739693428869, 0.704780774772852, 1, 
0.235158699726902, 0.294055083941577, 0.257492281192159, 1, 0.498480300207298, 
0.428352825433559, 0.302247215412215, 1, 0.941124111764413, 0.917189498088873, 
0.971469208580499, 1, 0.129154480231368, 0.0592993084351043, 
0.173441628224024, 1, 0.512935421803186, 0.51271583764833, 0.500499711233248, 
1, 0.797613544035535, 0.809807857728903, 0.807382474368534, 1, 
0.249408905013892, 0.199092103384344, 0.322536932116344, 1, 0.594306950567846, 
0.650693071521191, 0.587723494519182, 1, 0.0787887100495331, 
0.0633699747065016, 0.118882665145761, 1, 0.855469961776746, 
0.870696702477868, 0.766403919392146, 1, 0.875078990668346, 0.836099530092514, 
0.815050262960527, 1, 0.653039606372005, 0.624166562118903, 0.621195779255024, 
1, 0.770788269724649, 0.761487734172335, 0.760425286360417, 1, 
0.27280720291888, 0.332236654294996, 0.260449883663443, 1, 0.116404726807315, 
0.132403948082088, 0.0552575031134522, 1, 0.0459814682190538, 
0.0795964741437908, 0.00812134784796197, 1, 0.39907479445546, 
0.373456572114281, 0.106753847600569, 1, 0.77282674423665, 0.794409844211156, 
0.699514802822211, 1, 0.90870280855909, 0.894568591836929, 0.920127490102889, 
1, 0.986695738308802, 0.987557814366492, 0.996408213236991, 1, 
0.948062998826081, 0.955750736539467, 0.962341343557502, 1, 0.799452120821753, 
0.749465116640416, 0.853037352175556, 1),